5
10 57
1 7 3 1 1
1 2 2 5 1
3 9 4 3 1
3 5 5 4 1
5 2 1 3 1
5 1 4 2 0
8 2 5 1 1
8 9 4 1 1
10 5 1 3 0
11 4 5 4 1
12 2 4 4 0
13 3 3 4 1
13 8 1 3 0
14 6 3 3 0
16 5 2 2 0
17 10 4 4 1
17 6 5 3 0
18 6 2 2 1
19 3 4 2 1
22 9 5 3 1
27 8 3 5 1
29 4 1 4 1
31 2 5 1 0
31 1 4 3 0
32 10 1 5 0
32 7 4 2 1
40 9 1 1 1
41 3 5 3 0
42 10 5 5 0
44 5 1 5 0
46 5 3 1 1
47 2 4 4 1
51 4 2 5 1
55 1 4 4 1
57 7 1 5 1
57 4 5 4 0
58 5 2 4 0
58 7 1 2 0
59 2 5 4 0
60 4 4 2 1
63 10 5 2 1
66 3 4 2 1
68 10 5 1 1
68 9 2 2 0
74 4 5 4 0
75 7 1 4 0
76 2 5 5 0
82 4 1 3 1
85 7 4 5 1
86 1 5 4 0
87 10 3 4 0
91 3 5 2 1
93 4 5 5 1
96 10 1 5 1
97 1 1 3 0
99 8 4 2 1
100 1 2 1 1
6 65
1 6 5 3 0
4 1 2 4 0
6 1 5 4 1
7 2 1 3 0
10 4 1 3 1
11 6 1 4 1
12 5 5 5 0
13 4 1 4 0
15 5 3 4 0
15 1 5 2 1
18 1 3 3 1
19 1 1 4 0
20 5 5 1 0
22 6 4 4 0
24 1 2 4 1
25 3 5 4 0
27 4 3 4 0
30 6 1 1 0
33 6 2 2 0
34 1 5 1 1
37 2 4 1 0
38 4 3 5 1
38 6 3 1 1
39 2 1 1 1
39 6 5 3 0
40 2 2 3 0
41 6 4 1 0
42 6 2 3 0
43 1 3 3 1
48 4 3 5 0
48 5 1 3 0
51 4 1 1 1
51 2 4 4 0
52 4 3 1 1
53 6 3 3 1
56 3 1 4 0
58 6 3 1 0
59 3 2 4 1
60 2 3 4 0
60 3 2 2 0
60 5 1 2 0
61 3 5 3 1
61 1 2 3 0
61 3 4 1 1
62 4 4 3 0
62 3 5 3 1
67 6 2 4 0
70 6 2 1 0
71 4 3 5 0
74 3 3 2 0
75 6 3 1 1
77 5 1 2 0
77 4 5 5 0
79 3 5 2 0
80 5 1 3 1
82 6 2 5 1
84 4 2 5 0
85 1 5 2 1
85 1 2 2 1
86 4 3 3 1
94 2 4 2 0
94 2 4 3 1
94 4 4 5 0
98 2 1 3 1
98 6 4 5 0
8 68
2 7 3 5 0
6 6 4 2 0
6 4 4 4 0
8 4 4 3 0
10 7 2 4 0
11 4 4 2 0
15 6 1 5 1
22 5 2 5 1
23 5 4 2 0
25 1 3 4 0
29 4 2 5 1
29 3 3 2 0
29 5 3 4 0
31 5 2 4 1
33 7 2 2 1
34 1 2 3 1
36 7 4 1 1
36 6 3 2 1
38 5 3 2 0
38 6 4 1 1
40 3 5 5 1
40 4 1 5 0
41 5 3 2 0
42 7 1 3 1
44 2 3 3 1
44 5 5 3 0
52 1 1 3 1
55 4 4 5 1
56 3 3 5 0
58 2 4 4 0
58 7 2 4 0
59 3 2 2 0
60 7 2 3 1
60 4 1 5 1
61 7 1 3 0
61 4 3 3 1
62 3 2 2 1
62 1 3 3 0
64 5 4 4 0
65 3 1 1 0
67 1 4 5 0
67 3 3 1 1
67 7 3 1 0
69 5 1 1 1
77 4 2 3 1
78 7 4 5 0
81 8 5 3 0
82 6 3 2 0
82 5 5 3 1
84 8 5 4 1
84 4 5 3 1
85 4 5 4 1
85 1 4 2 0
85 1 5 4 1
85 7 2 3 1
87 3 1 4 1
88 7 4 4 1
88 7 1 4 0
89 1 2 1 1
90 7 3 3 0
90 1 3 1 1
93 5 1 1 0
94 2 1 3 1
97 5 3 5 1
97 6 1 1 0
97 6 3 4 1
98 4 1 2 1
98 3 2 3 1
8 55
3 6 5 1 0
6 1 4 3 0
10 7 2 1 1
14 3 5 5 0
15 8 1 3 1
18 2 4 2 0
19 2 5 2 1
21 7 3 2 1
24 6 2 1 1
25 1 4 4 1
26 2 4 4 0
27 3 4 4 0
29 1 2 1 0
31 1 4 4 1
33 8 5 2 1
33 2 5 3 1
34 6 4 5 1
35 5 3 5 1
35 6 1 5 0
37 2 2 3 1
38 7 1 3 1
38 1 5 1 0
40 1 3 5 0
40 6 5 4 1
41 1 1 4 1
42 5 4 5 0
43 4 2 5 1
45 7 1 3 1
55 4 4 2 0
57 3 1 4 1
58 1 2 3 1
59 6 2 3 0
62 4 2 5 0
62 2 5 2 1
63 8 3 2 0
64 5 2 1 1
69 3 4 4 0
70 3 2 1 1
72 8 4 5 0
74 3 2 2 1
76 1 3 1 0
77 1 5 3 1
78 1 3 2 0
79 1 3 1 0
79 2 2 5 0
81 3 2 5 0
81 2 4 4 1
83 2 1 4 1
84 8 2 1 1
86 2 2 2 1
91 7 1 4 0
92 8 4 5 1
94 8 5 5 1
99 6 1 1 1
100 2 2 5 1
8 56
1 1 3 5 0
2 6 3 4 1
4 4 3 4 0
5 3 5 4 0
6 3 3 1 0
9 6 4 2 1
12 2 4 1 1
18 3 4 4 1
20 4 4 2 0
20 3 4 1 1
24 5 1 1 0
25 1 2 5 1
25 1 4 2 0
30 1 4 3 0
31 3 2 5 1
33 5 4 5 1
33 7 5 1 0
34 8 5 4 0
34 7 4 2 1
42 5 2 2 1
42 3 1 3 1
42 6 2 3 1
43 1 3 2 0
44 4 5 3 1
47 7 2 1 1
49 5 5 5 1
49 8 4 1 0
50 7 2 5 0
50 4 1 3 1
50 8 2 1 1
50 4 3 3 1
50 4 4 3 1
51 5 5 1 1
52 1 4 4 1
52 6 5 1 0
53 7 4 3 0
53 7 1 1 1
60 4 5 1 0
65 4 1 3 0
67 7 1 4 1
70 6 3 1 1
70 1 4 4 1
74 2 5 2 0
74 6 2 2 1
75 6 1 5 1
78 6 5 2 1
81 4 5 2 1
81 1 2 3 1
89 7 3 4 0
89 2 3 2 1
90 2 5 2 1
93 4 1 5 0
94 8 4 5 1
95 4 3 4 0
95 8 5 4 1
98 1 2 5 0
