Case #1: 44 26 61 30 4 8 72 33 35 58 29 48 69 28 41 45 19 37 64 15 31 54 25 55 17 42 73 70 32 39 21 67 63 34 3 60 59 51 36 40 11 43 20 14 2 27 49 56 46 38 62 12 16 66 18 9 5 23 24 13 1 71 52 65 57 53 22 50 47 6 10 7 68 74 
Case #2: 49 2 29 34 12 1 9 42 7 40 35 47 44 33 18 21 20 36 11 19 23 10 25 5 30 6 50 39 24 26 15 45 14 41 8 3 37 22 28 16 48 31 17 43 32 13 4 27 38 46 
Case #3: 75 77 89 15 34 47 84 45 79 29 4 43 21 31 30 8 25 91 27 54 33 18 52 63 6 38 58 72 74 50 28 13 59 20 9 14 26 82 57 42 2 7 85 41 90 62 1 71 76 53 83 61 5 32 40 60 81 16 86 68 10 39 88 46 87 78 80 66 48 55 23 70 36 64 17 67 12 92 65 69 22 19 73 35 56 44 51 11 3 24 37 49 
Case #4: 79 60 62 87 67 45 41 39 48 86 40 74 9 76 70 20 81 88 69 10 1 47 54 27 34 52 42 72 37 85 64 25 50 14 6 43 63 73 15 17 8 19 59 11 61 71 75 18 55 78 5 26 53 22 49 44 51 12 84 7 46 31 77 33 82 16 56 57 80 4 58 2 21 83 32 68 66 36 65 28 30 24 3 13 35 38 23 29 
Case #5: 13 8 51 39 63 46 70 80 75 16 79 43 67 11 38 6 78 48 81 86 54 12 60 66 17 92 22 24 96 26 64 61 83 57 20 50 62 34 69 65 15 41 82 2 74 1 10 47 29 32 90 84 18 28 4 30 95 56 52 88 33 53 14 87 9 85 19 45 44 21 31 91 59 23 40 55 36 68 37 49 3 76 7 94 72 89 5 35 58 73 93 25 27 42 71 77 
Case #6: 45 21 61 7 3 59 63 30 54 26 31 2 47 62 56 6 34 53 13 22 51 9 43 38 46 8 42 33 60 35 58 1 40 29 52 39 5 15 12 57 44 41 25 14 23 18 24 48 55 50 10 49 28 16 37 4 20 27 32 17 36 11 19 
Case #7: 27 7 14 16 6 37 33 39 21 22 41 56 30 46 36 43 28 50 25 49 3 32 2 60 20 5 23 26 18 9 34 8 45 44 52 48 17 59 11 51 15 47 35 12 40 58 61 1 29 55 4 57 42 24 13 38 19 10 53 31 54 
Case #8: 62 53 36 5 31 14 27 45 41 13 29 37 2 23 43 48 60 33 38 57 69 47 10 59 6 52 3 9 56 40 15 67 8 11 17 66 26 18 54 61 12 7 51 46 25 4 30 35 24 49 16 21 55 34 1 28 22 50 58 64 44 39 68 63 32 20 65 19 42 
Case #9: 27 43 65 64 74 61 4 47 21 44 35 46 38 52 57 54 53 11 79 50 88 51 17 37 30 41 85 18 87 29 49 14 60 73 28 19 6 32 80 16 84 69 40 58 31 7 26 55 42 68 82 1 72 78 9 39 83 23 66 71 36 56 24 20 3 63 33 15 67 86 59 34 62 25 13 77 81 8 76 45 10 22 75 48 2 70 5 12 
Case #10: 85 24 92 31 58 86 11 74 48 54 89 62 88 83 42 25 93 33 67 57 16 7 37 32 53 27 34 65 40 35 3 46 30 60 70 1 77 4 84 80 36 91 41 61 2 5 17 94 19 9 38 44 47 45 29 10 75 15 18 21 68 69 50 71 43 73 82 90 55 23 6 87 72 28 63 22 95 51 59 12 14 78 13 79 56 49 20 64 8 52 76 66 26 39 81 
