10
806 1
54 0
89
371 0 366 0
535 0 432 0
335 0 391 0
713 0 283 0
795 0 703 0
682 0 83 0
508 0 656 0
139 0 134 0
559 0 47 0
538 0 21 0
359 0 338 0
763 0 312 0
624 0 619 0
276 0 189 0
271 0 680 0
76 0 501 0
670 0 137 0
562 0 475 0
45 0 531 0
244 0 751 0
392 0 730 0
387 0 638 0
192 0 704 0
105 0 673 0
74 0 499 0
156 0 663 0
560 0 360 0
524 0 12 0
350 0 329 0
728 0 298 0
119 0 98 0
267 0 605 0
93 0 175 0
687 0 67 0
574 0 461 0
543 0 522 0
409 0 296 0
204 0 91 0
260 0 173 0
598 0 664 0
577 0 490 0
60 0 341 0
233 0 402 0
714 0 115 0
284 0 197 0
279 0 171 0
570 0 58 0
652 0 370 0
365 0 22 0
447 0 513 0
426 0 334 0
738 0 794 0
702 0 568 0
502 0 671 0
56 0 20 0
527 0 424 0
393 0 306 0
219 0 301 0
214 0 705 0
80 0 674 0
500 0 582 0
70 0 561 0
39 0 443 0
356 0 525 0
438 0 760 0
412 0 750 0
212 0 125 0
719 0 616 0
780 0 181 0
585 0 498 0
155 0 662 0
575 0 37 0
462 0 441 0
436 0 231 0
205 0 184 0
696 0 609 0
778 0 179 0
686 0 66 0
660 0 486 0
40 0 465 0
35 0 373 0
542 0 347 0
516 0 408 0
234 0 741 0
398 0 290 0
121 0 203 0
715 0 116 0
710 0 111 0
259 0 146 0
444 1
54 0
53
28 0 2 0
253 0 422 0
391 0 201 0
278 0 144 0
57 0 0 0
251 0 420 0
112 0 194 0
50 0 383 0
249 0 413 0
187 0 269 0
442 0 355 0
437 0 329 0
411 0 237 0
319 0 124 0
293 0 206 0
180 0 93 0
5 0 430 0
343 0 404 0
230 0 296 0
96 0 91 0
152 0 142 0
55 0 377 0
34 0 346 0
3 0 228 0
310 0 284 0
197 0 279 0
258 0 140 0
53 0 32 0
22 0 426 0
247 0 77 0
159 0 51 0
133 0 46 0
368 0 363 0
358 0 424 0
332 0 414 0
327 0 306 0
219 0 301 0
214 0 280 0
193 0 270 0
183 0 382 0
443 0 356 0
351 0 330 0
238 0 386 0
207 0 273 0
268 0 155 0
375 0 205 0
118 0 179 0
261 0 40 0
347 0 4 0
255 0 408 0
234 0 316 0
311 0 203 0
111 0 146 0
821 1
653 0
69
545 0 432 0
340 0 401 0
227 0 396 0
734 0 391 0
795 0 790 0
769 0 503 0
144 0 569 0
52 0 359 0
512 0 763 0
220 0 389 0
793 0 614 0
81 0 506 0
76 0 480 0
644 0 418 0
105 0 617 0
100 0 69 0
151 0 642 0
381 0 7 0
411 0 631 0
185 0 779 0
774 0 262 0
497 0 67 0
487 0 41 0
435 0 348 0
343 0 240 0
235 0 296 0
803 0 204 0
629 0 286 0
265 0 65 0
654 0 34 0
233 0 115 0
284 0 89 0
140 0 764 0
421 0 226 0
733 0 200 0
712 0 195 0
681 0 82 0
77 0 56 0
481 0 650 0
476 0 645 0
537 0 363 0
327 0 388 0
813 0 214 0
792 0 193 0
618 0 787 0
700 0 101 0
270 0 561 0
556 0 382 0
551 0 530 0
525 0 755 0
243 0 750 0
299 0 724 0
806 0 104 0
273 0 155 0
150 0 467 0
380 0 6 0
410 0 236 0
748 0 405 0
384 0 297 0
635 0 118 0
97 0 691 0
604 0 686 0
66 0 35 0
516 0 767 0
321 0 290 0
116 0 85 0
167 0 64 0
576 0 571 0
658 0 59 0
858 1
141 0
87
566 0 479 0
33 0 366 0
535 0 253 0
744 0 821 0
391 0 288 0
795 0 196 0
703 0 769 0
170 0 590 0
144 0 656 0
569 0 646 0
456 0 21 0
845 0 758 0
215 0 793 0
194 0 706 0
783 0 593 0
163 0 132 0
383 0 14 0
439 0 413 0
387 0 617 0
213 0 126 0
807 0 192 0
105 0 786 0
504 0 156 0
69 0 151 0
663 0 473 0
43 0 355 0
329 0 841 0
831 0 216 0
810 0 124 0
180 0 784 0
185 0 267 0
779 0 692 0
72 0 492 0
149 0 62 0
41 0 379 0
543 0 440 0
435 0 348 0
5 0 430 0
230 0 721 0
291 0 777 0
96 0 265 0
685 0 86 0
147 0 142 0
55 0 654 0
567 0 546 0
29 0 541 0
367 0 254 0
832 0 745 0
827 0 740 0
120 0 714 0
115 0 284 0
709 0 622 0
791 0 89 0
509 0 657 0
483 0 140 0
32 0 226 0
733 0 390 0
108 0 676 0
481 0 563 0
558 0 471 0
20 0 332 0
414 0 818 0
495 0 648 0
561 0 643 0
469 0 18 0
438 0 330 0
806 0 125 0
294 0 698 0
73 0 580 0
37 0 523 0
11 0 349 0
753 0 835 0
231 0 210 0
205 0 184 0
609 0 778 0
604 0 261 0
87 0 578 0
61 0 552 0
35 0 547 0
30 0 455 0
521 0 4 0
854 0 767 0
234 0 741 0
311 0 290 0
802 0 111 0
177 0 602 0
259 0 658 0
360 1
54 0
85
23 0 2 0
335 0 201 0
283 0 109 0
278 0 88 0
257 0 170 0
139 0 52 0
134 0 47 0
21 0 359 0
0 0 338 0
333 0 307 0
220 0 302 0
215 0 112 0
194 0 189 0
271 0 168 0
81 0 158 0
132 0 45 0
24 0 19 0
357 0 14 0
249 0 331 0
244 0 326 0
218 0 300 0
295 0 95 0
161 0 130 0
43 0 17 0
12 0 350 0
216 0 298 0
119 0 185 0
180 0 175 0
154 0 149 0
62 0 41 0
36 0 31 0
353 0 5 0
240 0 317 0
296 0 291 0
204 0 286 0
178 0 91 0
260 0 86 0
147 0 142 0
8 0 341 0
254 0 315 0
310 0 202 0
115 0 197 0
110 0 279 0
171 0 166 0
58 0 140 0
53 0 135 0
32 0 27 0
22 0 252 0
113 0 195 0
277 0 190 0
256 0 164 0
138 0 20 0
358 0 15 0
245 0 301 0
106 0 188 0
101 0 270 0
183 0 80 0
162 0 75 0
157 0 136 0
49 0 356 0
13 0 351 0
330 0 325 0
238 0 294 0
104 0 273 0
186 0 99 0
268 0 181 0
94 0 263 0
73 0 63 0
129 0 42 0
16 0 11 0
349 0 6 0
328 0 323 0
123 0 118 0
287 0 184 0
266 0 179 0
261 0 153 0
66 0 148 0
143 0 35 0
352 0 342 0
234 0 229 0
121 0 290 0
111 0 264 0
90 0 259 0
172 0 85 0
167 0 146 0
662 1
545 0
95
371 0 540 0
23 0 535 0
432 0 345 0
514 0 335 0
227 0 396 0
309 0 222 0
391 0 626 0
170 0 508 0
590 0 569 0
482 0 651 0
538 0 338 0
307 0 215 0
624 0 281 0
194 0 102 0
614 0 271 0
168 0 81 0
588 0 137 0
71 0 583 0
480 0 649 0
132 0 644 0
536 0 24 0
531 0 357 0
439 0 336 0
249 0 418 0
126 0 612 0
187 0 100 0
182 0 95 0
161 0 69 0
48 0 642 0
555 0 468 0
381 0 360 0
442 0 242 0
406 0 631 0
272 0 584 0
67 0 62 0
128 0 466 0
5 0 430 0
404 0 230 0
209 0 122 0
291 0 490 0
60 0 485 0
464 0 377 0
546 0 433 0
428 0 233 0
402 0 632 0
289 0 202 0
627 0 89 0
258 0 509 0
166 0 591 0
657 0 483 0
565 0 539 0
27 0 513 0
1 0 426 0
221 0 282 0
108 0 277 0
615 0 507 0
164 0 159 0
56 0 568 0
476 0 558 0
363 0 337 0
250 0 414 0
327 0 224 0
393 0 301 0
193 0 618 0
275 0 613 0
183 0 505 0
162 0 157 0
495 0 49 0
131 0 474 0
643 0 556 0
469 0 39 0
530 0 13 0
356 0 525 0
417 0 238 0
304 0 616 0
104 0 186 0
99 0 606 0
585 0 498 0
580 0 472 0
11 0 349 0
518 0 328 0
236 0 405 0
231 0 384 0
635 0 184 0
604 0 174 0
599 0 496 0
578 0 66 0
573 0 40 0
378 0 4 0
429 0 255 0
408 0 403 0
633 0 628 0
623 0 177 0
602 0 172 0
658 0 146 0
295 1
141 0
60
28 0 23 0
201 0 114 0
257 0 170 0
83 0 165 0
78 0 139 0
134 0 21 0
0 0 251 0
246 0 112 0
281 0 194 0
107 0 276 0
189 0 102 0
81 0 76 0
158 0 45 0
14 0 213 0
105 0 274 0
269 0 182 0
95 0 161 0
74 0 156 0
151 0 130 0
242 0 272 0
98 0 180 0
175 0 154 0
149 0 128 0
41 0 36 0
31 0 5 0
240 0 230 0
209 0 291 0
204 0 199 0
152 0 142 0
34 0 3 0
228 0 120 0
284 0 176 0
258 0 166 0
79 0 135 0
221 0 200 0
282 0 190 0
256 0 164 0
77 0 56 0
138 0 51 0
133 0 15 0
219 0 214 0
127 0 280 0
193 0 106 0
188 0 101 0
270 0 183 0
75 0 136 0
49 0 18 0
13 0 212 0
207 0 186 0
160 0 150 0
16 0 11 0
6 0 205 0
287 0 97 0
266 0 92 0
174 0 87 0
148 0 143 0
40 0 4 0
234 0 229 0
121 0 177 0
172 0 59 0
762 1
54 0
98
545 0 458 0
540 0 535 0
514 0 335 0
232 0 227 0
309 0 222 0
288 0 201 0
283 0 191 0
682 0 83 0
656 0 52 0
477 0 646 0
369 0 446 0
359 0 338 0
415 0 389 0
619 0 614 0
506 0 670 0
71 0 562 0
475 0 45 0
418 0 326 0
392 0 305 0
725 0 105 0
694 0 607 0
69 0 151 0
442 0 524 0
437 0 329 0
324 0 749 0
728 0 211 0
723 0 293 0
697 0 272 0
185 0 180 0
584 0 497 0
666 0 492 0
379 0 374 0
31 0 435 0
348 0 343 0
404 0 230 0
296 0 122 0
117 0 286 0
711 0 178 0
603 0 260 0
86 0 511 0
152 0 65 0
147 0 60 0
142 0 464 0
377 0 367 0
433 0 346 0
515 0 341 0
320 0 402 0
228 0 735 0
120 0 110 0
622 0 176 0
683 0 171 0
166 0 79 0
488 0 570 0
483 0 652 0
140 0 53 0
647 0 135 0
539 0 447 0
344 0 339 0
252 0 313 0
738 0 390 0
200 0 707 0
195 0 277 0
190 0 702 0
507 0 481 0
563 0 138 0
51 0 133 0
645 0 363 0
527 0 419 0
332 0 414 0
388 0 280 0
705 0 188 0
505 0 162 0
75 0 669 0
582 0 648 0
474 0 469 0
39 0 438 0
351 0 760 0
325 0 729 0
217 0 299 0
294 0 104 0
186 0 94 0
672 0 585 0
150 0 472 0
641 0 467 0
375 0 441 0
753 0 748 0
318 0 179 0
148 0 573 0
552 0 547 0
460 0 542 0
352 0 4 0
516 0 321 0
403 0 316 0
290 0 203 0
623 0 198 0
111 0 684 0
597 0 679 0
146 0 571 0
882 1
54 0
67
479 0 371 0
232 0 401 0
600 0 769 0
682 0 369 0
425 0 333 0
758 0 727 0
624 0 194 0
619 0 701 0
614 0 506 0
670 0 480 0
137 0 475 0
19 0 730 0
638 0 192 0
187 0 781 0
668 0 581 0
494 0 663 0
48 0 130 0
867 0 862 0
124 0 805 0
262 0 487 0
128 0 379 0
865 0 348 0
860 0 803 0
798 0 199 0
96 0 86 0
65 0 577 0
147 0 659 0
485 0 459 0
29 0 346 0
515 0 423 0
320 0 566 0
228 0 627 0
796 0 279 0
683 0 509 0
488 0 570 0
544 0 32 0
539 0 452 0
877 0 447 0
344 0 513 0
426 0 313 0
390 0 712 0
702 0 481 0
51 0 471 0
368 0 25 0
245 0 219 0
813 0 782 0
587 0 157 0
669 0 49 0
131 0 382 0
18 0 412 0
750 0 729 0
386 0 104 0
698 0 611 0
780 0 160 0
73 0 498 0
667 0 528 0
523 0 436 0
410 0 323 0
743 0 809 0
292 0 773 0
599 0 40 0
9 0 429 0
316 0 741 0
398 0 311 0
198 0 602 0
172 0 771 0
684 0 597 0
245 1
54 0
61
2 0 232 0
227 0 114 0
88 0 78 0
144 0 57 0
21 0 0 0
225 0 220 0
189 0 81 0
163 0 76 0
71 0 137 0
45 0 19 0
14 0 244 0
239 0 218 0
126 0 192 0
105 0 187 0
100 0 182 0
69 0 48 0
130 0 43 0
17 0 7 0
242 0 237 0
216 0 124 0
206 0 93 0
154 0 149 0
62 0 128 0
41 0 31 0
5 0 230 0
209 0 96 0
178 0 173 0
86 0 60 0
142 0 55 0
29 0 8 0
3 0 228 0
223 0 120 0
202 0 197 0
176 0 171 0
84 0 166 0
140 0 53 0
135 0 27 0
1 0 226 0
221 0 200 0
190 0 169 0
164 0 77 0
138 0 25 0
20 0 15 0
224 0 214 0
127 0 193 0
80 0 162 0
75 0 157 0
39 0 18 0
243 0 212 0
104 0 186 0
160 0 68 0
63 0 129 0
42 0 210 0
123 0 205 0
118 0 184 0
97 0 153 0
143 0 30 0
208 0 121 0
203 0 198 0
177 0 90 0
167 0 146 0
