10
959 41 863
59 89
95 98
61 89
68 61
58 72
87 69
70 87
89 89
92 72
80 74
90 57
79 61
50 55
53 63
78 100
96 71
80 51
90 67
82 89
50 63
68 93
58 57
89 73
76 61
63 62
65 63
82 59
100 93
58 74
99 88
80 51
54 68
78 60
66 85
65 60
73 72
71 63
69 65
94 87
96 53
73 78
96 87
90 82
70 56
60 50
67 52
60 58
75 72
91 71
58 69
79 85
57 67
59 75
95 72
100 58
54 51
64 85
52 70
86 53
73 94
89 88
82 54
92 69
93 53
94 74
96 51
59 55
80 50
65 56
98 64
68 69
84 82
74 86
81 84
82 93
56 85
52 83
97 85
80 62
63 98
66 61
62 100
94 86
59 95
96 63
75 50
63 79
68 98
73 54
89 78
60 69
88 64
89 51
96 84
74 65
58 72
80 77
60 98
89 88
77 89
52 76
75 100
60 80
86 82
92 69
52 68
73 60
61 92
97 58
68 72
98 78
93 80
86 85
91 55
72 86
55 82
57 60
58 63
79 99
62 90
83 53
58 70
100 91
57 65
84 62
77 79
68 65
96 100
62 65
83 82
74 71
53 86
78 69
66 92
61 70
84 82
70 76
100 74
99 98
52 68
98 50
81 57
56 76
61 57
63 94
78 55
75 57
56 50
93 65
62 56
80 79
95 84
54 59
66 52
88 57
58 78
81 66
79 81
87 58
80 86
88 70
73 54
79 56
54 72
89 69
50 52
52 86
86 98
65 70
95 96
83 65
51 92
97 71
53 68
75 62
87 86
57 62
85 64
80 62
71 78
61 68
76 77
88 95
74 85
56 79
79 81
57 76
53 70
77 60
64 75
63 64
53 78
65 95
79 89
71 87
81 63
59 52
99 97
80 92
97 69
67 53
90 63
50 90
60 95
97 63
64 69
64 70
72 82
89 75
83 88
67 76
55 76
64 62
91 75
88 70
77 92
54 98
84 54
76 99
91 60
95 95
89 64
88 87
59 71
85 97
85 58
51 77
54 50
51 79
80 85
52 94
78 77
85 63
59 98
95 71
66 70
64 86
50 50
69 88
94 76
61 53
65 65
54 79
80 75
72 80
52 94
88 60
97 70
97 92
83 89
54 82
51 95
72 59
69 78
99 95
77 53
94 92
98 96
59 97
89 59
50 89
92 100
88 95
90 59
96 61
63 94
77 80
79 96
78 90
74 97
50 76
93 60
59 68
94 95
97 85
73 90
98 76
90 66
69 91
65 82
81 90
55 76
96 96
93 72
77 70
67 67
87 68
84 62
71 71
88 70
81 94
100 55
67 80
76 80
99 98
83 95
98 86
59 51
83 80
66 79
67 75
55 53
77 59
76 50
73 87
74 90
53 72
61 52
79 63
57 91
68 51
61 58
52 99
94 65
71 78
99 83
69 57
69 75
79 84
67 87
74 94
86 96
79 53
97 50
58 86
87 77
51 73
60 96
59 97
51 75
85 50
97 94
76 68
52 87
87 92
95 57
54 95
73 77
68 71
55 56
81 54
77 74
90 79
91 52
74 88
99 52
72 99
64 56
77 93
73 85
51 82
97 85
68 72
70 82
58 58
50 86
58 79
81 69
66 53
56 74
68 55
92 98
78 80
67 100
58 72
99 91
63 57
54 95
77 65
61 95
58 96
99 74
92 53
58 52
74 50
71 69
86 58
63 54
83 82
90 79
86 60
54 67
56 70
95 83
71 81
84 92
63 81
86 56
54 98
79 98
55 68
64 99
97 83
72 77
77 69
82 76
86 50
57 67
85 50
92 88
54 87
66 81
55 54
79 62
94 54
89 55
80 77
76 97
63 52
67 54
100 76
53 79
53 97
97 100
73 83
67 73
85 81
65 92
91 95
86 55
72 99
69 61
73 91
51 69
85 72
57 53
89 86
50 97
59 57
92 50
56 57
65 89
99 85
65 96
84 97
54 85
80 70
95 77
52 88
53 90
57 64
61 56
51 64
63 57
80 84
79 61
82 75
89 97
57 85
89 98
68 64
96 59
84 69
63 62
91 93
83 76
57 84
99 55
89 98
53 95
81 77
53 77
91 87
62 73
57 76
54 75
97 94
95 74
95 77
69 74
63 75
51 55
80 90
53 79
57 50
74 59
82 76
57 60
89 70
74 55
80 93
64 97
93 84
79 84
92 91
87 69
66 94
66 87
84 57
97 95
95 80
83 64
65 100
62 97
57 85
67 50
82 60
93 50
62 96
56 62
67 82
89 58
69 78
99 98
95 67
60 96
97 87
81 96
96 65
69 99
95 76
63 82
79 52
94 90
74 75
86 63
78 61
81 97
59 69
52 61
63 91
83 62
60 98
62 76
76 72
90 58
93 64
56 53
77 79
68 87
56 58
79 80
75 100
97 56
84 64
77 65
66 94
59 77
64 88
50 68
71 78
100 85
67 90
67 90
70 62
80 67
96 90
94 98
93 78
74 84
89 51
95 61
71 96
79 66
80 72
81 58
82 63
88 96
87 59
67 96
55 54
61 77
70 72
51 50
57 56
51 55
66 56
90 84
58 80
91 70
96 90
63 60
50 89
61 59
57 71
56 83
98 96
83 52
70 82
89 76
98 88
57 56
60 79
94 84
73 64
55 70
87 83
69 60
66 96
74 84
63 58
75 50
95 79
81 76
50 93
57 100
52 59
68 72
97 86
88 56
54 50
63 69
52 66
69 79
80 71
81 50
99 82
76 60
62 56
89 73
74 63
100 50
90 54
71 69
80 65
70 90
57 76
56 56
88 74
96 65
68 74
77 67
66 67
78 97
51 55
66 68
81 85
50 79
99 94
91 69
85 96
74 86
87 97
62 57
72 54
73 94
82 97
87 63
76 50
74 92
90 69
91 78
92 61
79 59
97 68
83 82
67 56
77 95
78 68
73 96
69 63
73 93
97 54
58 87
57 88
61 97
95 51
77 84
64 50
64 83
84 77
67 87
82 80
81 68
57 99
72 86
62 85
61 73
62 81
92 57
98 78
69 84
87 74
52 96
94 63
52 56
63 91
76 53
89 83
62 72
55 80
99 98
69 53
87 56
93 90
90 57
70 95
70 92
73 85
97 99
50 81
52 81
98 63
71 82
65 70
84 74
50 86
60 71
88 51
81 99
85 70
63 92
80 91
93 64
93 64
75 69
78 69
63 98
53 80
50 65
59 57
87 69
91 100
71 52
96 100
80 69
89 60
83 59
79 98
60 84
90 74
84 50
51 89
98 72
66 76
89 63
52 99
96 79
91 72
65 56
87 53
63 100
92 51
97 97
79 52
97 50
82 93
87 77
93 61
73 90
66 72
68 51
92 79
79 50
91 94
99 70
58 88
50 92
55 93
66 64
50 61
79 73
95 68
65 98
93 98
71 78
55 63
70 98
84 57
55 83
83 56
77 75
56 77
60 86
67 78
59 73
98 85
79 97
59 67
95 86
91 67
58 94
81 99
100 60
61 78
99 66
56 92
96 66
79 78
98 62
99 66
57 91
100 97
55 57
84 77
87 73
74 70
57 65
74 65
98 50
55 95
88 67
66 68
99 80
79 57
52 69
52 54
74 96
93 100
65 71
66 76
82 58
59 50
88 68
73 87
62 73
59 81
60 62
86 95
55 90
70 79
53 81
58 100
68 100
81 71
69 75
64 97
80 52
58 95
94 76
67 53
65 68
71 56
95 91
88 61
89 79
89 71
74 73
77 56
50 96
94 73
76 91
80 60
88 59
88 95
95 88
68 70
82 90
52 59
52 85
90 62
91 87
57 84
75 98
66 80
93 57
89 52
83 70
94 74
68 65
64 78
94 75
57 87
89 70
52 79
77 84
56 53
53 52
57 52
57 85
79 51
69 52
69 77
64 90
66 84
64 86
100 87
70 84
70 56
72 90
98 92
74 92
64 70
67 60
88 82
91 92
51 90
99 81
92 64
67 94
61 50
76 82
78 53
69 51
66 76
77 88
90 87
92 92
80 61
77 83
89 58
69 97
85 91
58 75
71 88
93 73
68 57
59 51
89 65
76 91
78 84
61 61
50 84
78 88
86 87
93 98
64 63
87 86
56 70
78 55
86 54
82 76
72 59
83 86
93 66
99 89
89 78
91 55
90 83
69 100
73 75
82 86
69 100
51 79
100 78
63 54
68 80
99 86
76 51
99 99
69 71
50 97
66 59
64 54
61 99
59 61
71 50
77 78
97 79
73 64
89 83
75 54
83 58
96 72
69 59
61 52
92 95
97 78
91 76
55 62
73 68
62 50
69 50
88 91
65 92
59 89
83 67
66 61
75 74
787 106 546
82 60
93 60
75 58
82 51
54 81
98 97
91 84
79 57
57 61
63 57
55 83
71 96
71 86
87 81
60 92
63 80
80 52
94 73
72 52
95 50
85 76
53 79
57 68
68 88
57 60
99 70
67 85
56 99
100 82
79 94
100 66
99 100
65 59
100 61
75 82
80 84
67 60
71 80
81 54
58 98
70 95
96 92
59 62
61 50
85 83
89 74
53 57
78 63
86 92
93 78
86 80
91 58
71 93
90 55
69 81
96 91
65 53
84 78
84 82
81 78
68 56
53 58
95 75
76 54
90 76
78 67
98 84
62 80
84 92
90 79
77 80
88 95
76 71
78 58
52 51
91 60
91 77
66 81
58 65
98 53
94 100
54 70
72 50
81 53
62 81
69 85
63 69
63 84
95 95
85 91
81 92
93 83
95 93
84 75
67 70
67 66
87 86
65 74
91 68
66 94
95 62
78 91
62 71
57 97
99 60
78 84
82 74
57 87
83 94
100 68
65 63
54 79
51 67
81 63
92 100
69 67
69 79
62 95
90 96
96 60
63 77
79 74
58 92
89 86
92 66
54 67
91 85
60 73
84 72
81 51
88 76
56 78
70 99
59 75
66 71
78 58
71 51
87 55
85 58
80 89
91 72
90 83
64 68
98 58
75 97
60 60
88 85
62 97
92 81
84 94
76 83
82 78
92 71
83 87
85 80
62 94
65 82
67 96
66 90
80 99
68 87
89 79
69 80
94 69
63 55
52 96
71 91
84 73
69 60
53 88
75 97
79 50
77 82
79 64
81 65
92 91
72 66
75 57
63 50
67 67
75 63
91 75
56 65
88 67
92 76
76 96
79 67
85 90
98 70
65 96
95 60
94 94
79 72
71 77
61 54
51 92
55 51
99 67
83 94
97 76
85 53
72 63
85 54
92 60
73 55
100 96
82 86
71 74
65 67
71 64
75 65
91 73
70 88
81 91
84 57
96 100
78 65
76 88
99 80
85 80
99 68
79 80
74 66
69 89
61 86
74 55
88 59
97 96
89 77
97 64
98 58
69 70
87 99
69 64
69 88
65 73
85 65
61 60
62 89
67 56
60 70
88 84
50 81
69 67
92 86
89 63
90 54
50 57
53 57
96 91
95 60
75 85
58 62
69 56
89 62
51 79
80 80
59 82
70 60
60 78
89 78
98 87
97 68
96 94
79 72
65 87
75 54
91 92
52 62
93 60
53 98
61 80
85 75
96 75
71 67
92 81
100 74
65 67
55 85
84 55
75 66
84 85
62 57
63 83
91 53
56 61
99 89
51 88
62 66
69 85
96 98
79 74
68 96
88 56
96 86
82 54
60 52
73 70
88 68
74 52
54 56
82 76
96 61
54 75
68 72
72 73
59 91
92 70
91 69
52 62
95 56
87 61
53 76
71 58
68 80
85 99
64 100
79 100
96 84
68 84
75 76
55 56
62 85
76 78
84 76
55 52
78 74
91 95
73 71
69 87
79 68
82 66
75 86
94 89
58 64
54 57
82 86
100 78
94 90
64 94
50 90
94 53
100 81
100 54
59 71
74 73
97 73
95 94
59 91
79 100
88 89
100 57
72 83
56 94
67 99
99 89
83 90
67 79
68 73
52 93
64 97
79 58
77 68
69 62
64 64
73 90
97 91
91 52
98 64
96 78
72 89
68 90
99 99
87 55
54 58
69 78
50 73
100 89
85 96
89 76
87 53
55 68
97 58
80 77
90 68
66 64
76 97
61 56
72 99
94 68
66 53
51 77
64 74
95 68
83 85
61 65
65 51
68 89
99 75
79 64
100 90
99 93
75 77
93 56
54 64
76 97
93 60
86 52
84 82
57 86
54 84
54 82
99 64
69 78
83 94
90 94
99 57
53 79
51 77
68 69
69 99
100 55
78 59
56 96
73 79
98 93
77 57
89 78
59 83
89 99
93 99
57 57
77 66
54 73
86 74
98 96
76 64
84 62
54 67
59 69
88 98
68 54
65 92
53 68
56 91
50 50
87 65
60 51
84 96
71 77
78 100
91 60
57 72
71 75
100 80
73 99
82 59
79 90
51 73
75 88
82 59
56 89
54 54
85 93
80 80
67 73
57 98
66 86
84 52
62 52
97 78
76 62
70 96
87 100
77 100
70 63
69 56
52 76
66 94
50 87
66 89
72 100
61 63
90 74
50 56
77 53
85 91
62 82
89 100
96 77
73 58
94 55
93 95
76 54
65 70
71 90
90 72
86 72
54 80
83 98
87 79
71 90
65 94
69 67
68 97
95 79
70 57
62 51
51 71
69 52
69 65
73 65
57 88
69 75
99 99
79 96
91 80
52 56
88 71
53 98
82 82
52 69
71 57
90 96
62 69
87 94
91 65
69 56
68 80
62 83
62 62
79 56
85 67
88 64
65 89
80 84
86 100
93 57
81 61
92 71
77 72
65 86
72 88
84 69
80 94
69 60
51 86
60 78
90 93
54 59
69 90
64 98
94 63
64 64
79 75
86 79
85 72
67 73
92 59
82 84
57 69
97 73
60 98
90 86
50 74
52 69
60 79
64 57
82 72
60 70
57 51
83 67
91 64
54 86
68 54
69 82
73 57
89 93
57 86
79 88
88 74
76 59
95 97
89 96
52 61
85 59
65 75
94 51
62 55
88 88
98 53
83 84
93 67
88 70
83 81
74 58
71 72
89 64
73 55
52 71
77 99
94 53
74 79
83 62
91 72
60 99
55 76
82 64
93 81
60 93
96 82
55 66
72 85
80 78
58 63
78 72
87 57
61 85
94 58
72 65
56 98
98 60
62 83
69 99
90 78
67 72
87 85
58 89
94 61
85 56
97 99
60 73
96 64
96 87
96 95
71 93
89 54
64 60
86 67
54 83
95 60
92 53
62 75
59 87
82 65
56 88
96 66
76 87
93 81
93 62
64 50
84 67
74 99
72 96
85 90
79 90
63 86
72 70
100 76
91 66
51 83
68 80
99 78
100 81
63 99
61 56
94 99
85 76
93 95
97 93
93 96
90 88
66 93
78 65
64 86
65 94
88 55
90 66
91 94
54 77
61 82
76 97
84 85
88 65
57 90
61 55
100 66
69 90
93 79
69 71
59 55
90 85
74 52
84 70
71 51
86 83
94 96
94 75
81 100
75 92
53 69
83 74
65 96
78 76
74 57
55 67
79 60
60 61
98 65
79 76
91 67
73 52
99 66
81 52
81 71
80 78
65 64
69 74
52 94
51 94
92 73
87 79
96 99
81 77
59 74
85 74
65 100
72 79
80 79
57 90
86 72
74 90
55 59
96 60
59 75
63 93
86 84
95 76
86 90
60 79
71 69
55 65
86 59
98 87
99 80
91 52
65 70
93 62
96 92
97 93
59 60
62 71
96 97
77 75
73 56
60 98
72 79
77 69
89 80
86 63
99 82
60 63
74 52
66 77
69 79
93 79
50 77
86 96
66 82
65 73
69 82
73 85
67 75
82 65
89 84
62 81
87 53
60 86
75 51
74 98
91 62
57 61
50 81
97 60
55 60
73 77
77 64
735 256 520
66 75
50 78
65 74
86 87
68 73
90 77
59 69
88 51
53 55
89 51
98 71
89 76
58 84
80 84
76 67
73 87
73 90
75 78
69 69
88 51
67 69
79 57
77 51
95 75
71 84
90 53
84 58
86 92
51 51
55 70
56 54
74 79
59 81
100 51
83 75
53 58
57 75
94 55
65 76
60 57
92 62
98 50
92 91
85 64
78 76
60 61
75 70
91 55
74 98
63 67
74 94
61 78
64 83
89 76
94 85
78 87
52 53
67 80
66 66
78 78
91 91
73 78
92 83
89 62
86 55
77 96
100 50
53 69
98 77
94 96
85 80
64 72
62 69
98 62
77 52
89 58
73 93
65 73
96 62
59 100
82 59
77 75
63 58
58 66
90 61
77 57
100 58
58 70
82 80
78 84
53 89
58 76
81 86
75 65
85 55
84 93
59 81
98 60
97 81
85 53
69 69
54 88
61 74
89 75
93 78
95 63
68 84
85 66
89 98
81 67
54 90
88 93
95 67
60 94
52 68
96 99
68 57
51 59
71 63
92 69
72 82
88 52
83 81
80 82
92 52
92 94
93 94
55 88
64 89
75 89
56 80
68 54
86 79
88 81
64 62
72 90
85 93
50 90
81 51
61 68
77 93
77 68
91 82
94 100
97 62
50 59
86 50
57 95
98 72
53 61
84 59
82 64
95 69
99 96
57 73
82 60
76 92
61 95
68 74
73 85
100 83
88 66
93 86
58 88
82 68
80 65
98 73
85 76
99 91
87 75
50 72
69 99
64 88
55 95
62 53
98 52
87 54
96 61
84 88
52 94
59 66
91 88
70 70
100 92
52 95
65 97
91 62
87 76
80 63
90 50
89 55
94 95
81 65
53 60
75 75
61 95
83 62
69 59
90 90
59 78
94 62
69 56
65 84
87 58
90 75
67 61
90 67
84 97
68 59
83 81
61 83
92 96
92 94
78 84
62 98
96 93
98 75
88 73
78 99
71 61
99 63
50 64
99 58
90 94
52 80
61 75
99 54
64 99
99 88
69 82
57 93
50 97
78 93
55 67
58 95
80 70
50 82
94 53
76 100
72 74
97 70
51 94
59 92
59 62
100 61
99 97
62 58
77 63
97 59
100 88
84 100
54 74
96 88
98 52
88 60
64 51
60 72
70 77
56 74
69 60
71 50
58 80
100 59
53 60
74 57
70 52
76 99
65 93
66 77
60 67
58 83
89 56
91 71
53 79
51 60
50 57
71 54
84 85
56 55
79 92
53 57
56 63
97 54
77 95
61 57
69 77
78 77
97 91
70 63
64 89
62 86
56 64
100 52
83 60
85 53
91 51
96 61
97 81
62 62
60 80
66 56
69 76
73 52
90 62
79 65
56 68
55 96
71 92
58 69
52 56
57 59
52 81
75 55
80 51
52 57
97 62
89 72
78 100
64 89
98 65
50 69
93 51
52 80
93 50
77 100
67 99
79 69
88 60
69 97
55 63
76 60
90 97
78 75
76 76
57 72
70 70
84 81
92 58
51 88
97 98
93 100
62 57
72 77
64 71
95 77
89 96
94 80
100 81
63 84
83 54
71 94
89 83
92 55
79 60
64 75
51 75
59 85
59 92
60 85
51 90
78 93
90 52
92 78
59 59
90 93
50 97
57 93
99 91
75 65
62 80
57 86
69 68
61 84
96 96
97 64
78 50
70 92
54 91
57 66
91 64
94 51
60 86
76 79
72 84
100 79
74 67
59 82
94 50
61 62
53 58
74 57
60 68
58 78
60 91
77 60
75 67
64 74
76 83
63 97
99 60
88 99
88 50
85 67
68 84
55 55
56 54
93 68
64 99
83 79
51 99
91 73
68 87
70 78
84 65
63 71
82 75
87 94
64 64
71 79
73 66
59 51
99 65
98 89
54 85
58 96
59 82
59 57
75 93
96 95
75 62
95 73
94 100
81 80
90 75
61 79
74 71
78 87
50 54
85 53
86 90
100 90
61 75
55 59
74 93
73 66
68 71
91 98
98 95
62 63
54 69
59 96
96 62
72 99
76 52
81 83
87 89
87 75
89 77
92 82
62 89
56 53
78 83
72 78
60 77
65 84
74 85
64 51
99 63
93 87
81 98
56 56
74 85
62 72
62 67
88 94
75 74
96 57
89 51
75 56
63 73
59 73
62 88
94 73
80 65
83 77
78 90
82 58
65 94
55 90
92 92
85 53
59 54
94 69
53 66
58 70
51 89
68 65
86 80
66 62
51 96
98 65
80 88
55 67
86 76
54 67
82 86
56 93
99 69
62 78
77 72
90 53
97 93
86 91
93 94
89 71
96 51
74 54
73 96
93 53
61 80
64 66
84 67
60 51
74 51
56 59
94 52
85 82
70 66
72 90
86 85
93 87
66 86
88 62
61 88
65 78
95 85
69 60
86 76
94 85
60 87
72 70
97 89
72 93
55 82
77 89
87 73
92 81
96 90
81 93
78 81
89 99
63 96
63 81
99 96
55 55
93 96
52 67
64 99
75 75
67 73
81 51
95 54
56 81
99 81
75 94
91 62
92 64
77 59
62 78
61 100
96 81
64 78
73 66
71 96
82 54
53 83
58 83
66 53
86 96
57 55
75 56
93 79
90 51
73 53
79 61
94 66
64 65
67 98
97 77
64 51
74 96
63 78
55 69
82 97
95 87
96 96
79 70
84 90
82 67
92 76
72 100
87 75
69 77
98 56
86 66
99 88
93 79
87 72
75 79
92 78
90 52
61 69
58 88
58 50
71 52
57 89
59 50
63 74
87 56
70 87
61 91
100 91
62 81
89 52
73 91
72 99
76 84
96 83
81 70
61 80
95 50
83 63
53 51
70 98
59 70
93 58
51 60
83 96
86 54
94 53
57 90
65 89
99 70
96 64
82 74
60 73
86 80
87 86
68 100
69 76
68 60
88 72
55 71
86 85
77 98
51 72
76 53
91 94
67 87
69 55
93 89
72 88
50 86
94 75
50 79
54 72
92 92
73 60
82 56
61 77
57 91
59 63
78 56
100 91
97 62
51 86
63 50
64 75
82 95
50 77
96 77
83 100
64 76
92 50
88 79
82 87
99 92
69 84
54 59
94 62
71 73
75 61
52 86
74 74
82 80
73 97
59 57
70 82
70 92
56 69
90 73
81 67
55 50
93 64
79 53
91 58
100 76
69 54
81 90
74 89
51 75
65 93
58 59
86 97
67 81
55 58
50 50
54 58
86 69
77 50
85 74
77 98
71 59
62 84
91 67
94 67
52 57
51 64
74 80
98 55
68 68
50 95
63 73
53 92
93 73
761 56 610
100 56
77 59
77 66
56 63
76 67
77 82
71 79
67 91
87 78
97 69
64 67
77 73
96 65
91 68
57 65
67 82
56 80
91 78
69 56
99 51
68 76
59 57
61 70
68 77
66 99
80 63
58 97
98 91
67 57
61 51
57 60
86 95
51 93
77 71
93 52
96 53
97 63
65 86
81 94
67 94
76 77
98 64
75 51
91 60
93 58
52 54
65 99
82 86
89 63
100 58
89 99
76 92
99 79
83 89
62 80
70 52
74 68
84 76
55 88
86 100
61 95
89 79
89 80
72 98
93 90
85 87
62 63
71 98
73 78
91 93
100 76
55 53
50 74
62 58
80 94
59 100
57 94
52 83
51 96
80 89
95 100
99 68
61 99
77 82
84 55
83 82
84 75
67 96
55 59
63 56
89 65
62 100
60 81
77 74
75 91
54 79
52 93
85 55
84 100
64 87
66 92
52 97
69 89
94 89
72 95
87 93
77 57
93 88
93 54
84 50
75 55
81 71
93 54
90 70
51 75
85 58
93 59
90 94
87 56
97 95
78 83
63 85
99 94
95 99
91 69
60 92
92 61
56 52
96 58
68 80
90 100
90 98
99 72
98 94
77 80
52 91
88 52
57 92
93 90
82 92
55 87
57 100
52 96
77 66
93 67
56 54
94 65
57 89
94 70
87 83
57 50
96 56
73 74
87 63
92 100
80 68
60 64
77 76
86 91
69 71
86 51
96 82
88 76
89 94
61 63
88 59
100 78
93 53
98 84
55 61
52 64
69 78
94 83
60 82
62 79
90 79
77 88
60 50
56 94
76 77
77 79
96 98
64 54
85 56
64 69
53 96
72 66
74 96
61 82
94 63
84 89
62 90
66 66
79 64
76 54
77 75
88 95
65 93
79 77
61 86
51 52
56 77
99 76
65 94
75 64
91 54
53 68
90 61
77 66
78 85
53 96
72 78
72 74
61 71
50 53
61 60
70 66
51 74
70 94
98 51
67 98
88 55
70 74
54 67
80 50
89 82
68 95
89 64
83 69
91 57
91 56
92 53
77 60
89 70
53 73
53 88
93 89
77 76
81 100
56 77
62 82
68 60
94 92
78 55
57 75
100 57
64 52
73 81
97 95
54 61
50 63
90 85
62 73
88 77
55 63
50 82
91 50
57 83
77 99
55 78
62 89
56 73
98 69
88 58
75 95
67 93
77 85
86 82
62 60
99 78
91 86
85 59
70 80
64 88
98 76
83 62
93 84
81 80
53 82
71 62
98 62
100 57
96 79
73 61
95 54
77 65
90 61
97 95
55 84
63 98
81 75
57 69
96 99
55 80
64 98
82 53
82 66
53 50
87 86
100 88
74 75
60 53
91 98
54 87
54 87
77 64
98 100
79 60
68 98
74 99
66 50
97 89
88 65
81 82
83 94
52 74
99 62
91 88
80 88
58 84
96 51
94 53
57 77
76 72
77 71
74 79
68 83
62 82
75 100
66 95
62 77
70 89
86 80
76 92
54 83
78 50
96 80
56 84
95 80
71 74
55 99
58 88
84 54
86 71
60 61
76 78
97 100
90 97
56 51
74 84
65 98
58 86
60 70
92 59
51 69
93 97
95 52
78 54
57 72
86 56
74 98
96 96
89 66
68 80
78 68
82 71
96 64
59 60
94 52
98 98
77 82
62 86
63 90
65 69
78 89
88 96
75 100
78 90
63 55
61 68
89 91
86 88
74 96
59 53
56 51
60 74
96 94
79 88
61 56
81 95
73 67
74 82
100 70
83 56
57 70
64 71
85 76
94 83
65 84
75 50
53 97
52 52
59 62
62 52
83 64
68 88
77 75
86 97
52 99
62 60
68 91
60 77
52 69
98 88
94 71
79 61
59 88
100 63
93 88
71 61
100 83
82 89
69 54
96 66
66 93
92 84
65 53
59 58
62 95
79 72
96 65
73 78
97 53
58 83
70 73
74 73
99 87
53 62
52 80
71 77
99 74
61 69
75 98
90 85
53 70
54 77
75 68
96 50
75 64
74 63
100 77
53 51
62 51
78 90
100 69
69 96
57 57
53 85
67 86
86 98
100 68
51 94
78 94
82 71
72 57
58 79
58 92
95 64
71 59
85 75
98 60
54 83
54 84
61 76
57 91
69 52
95 57
57 89
87 78
78 86
92 96
90 87
87 74
68 79
59 55
79 63
72 72
90 74
96 97
67 95
88 52
73 92
65 52
94 97
71 66
73 77
65 95
64 84
58 86
65 88
90 88
96 84
100 56
97 50
53 77
93 87
54 63
64 88
56 96
59 56
73 95
74 58
88 70
54 67
66 99
60 88
54 59
96 56
100 92
98 66
92 95
57 70
97 84
55 89
90 97
73 55
62 72
93 78
98 83
59 58
86 60
64 91
88 63
78 50
69 97
94 66
84 64
61 93
59 54
95 66
98 73
82 55
95 77
97 60
70 67
73 71
59 94
75 98
97 83
86 53
84 74
79 68
83 87
79 92
58 62
68 52
89 99
62 50
61 86
99 100
59 57
79 63
71 63
94 84
90 90
93 51
67 82
68 69
69 69
54 74
57 50
72 87
50 75
96 70
51 58
74 56
57 60
92 80
62 53
80 59
70 99
84 84
86 54
63 89
57 78
65 61
88 86
61 95
80 71
66 65
83 62
93 83
69 100
64 53
82 74
98 77
87 77
69 51
60 94
64 87
86 64
89 59
64 77
68 100
76 85
100 54
52 92
93 61
88 80
91 83
71 81
94 60
82 75
64 61
83 59
87 82
54 75
78 100
59 86
74 83
89 81
59 95
50 82
53 72
87 61
58 97
80 65
84 78
92 57
69 76
79 79
57 70
68 76
69 56
94 65
53 80
97 77
64 51
52 69
84 77
55 76
90 99
97 84
85 88
90 90
53 70
68 58
87 54
95 67
64 74
87 58
84 57
68 82
75 82
81 76
65 58
65 83
72 75
71 81
100 57
89 80
100 77
100 60
77 72
65 94
62 65
85 99
74 51
91 65
94 74
83 65
90 80
58 94
88 88
64 79
82 56
68 78
72 78
79 68
71 71
56 84
74 85
59 71
78 98
91 79
71 100
51 94
56 87
55 66
87 61
57 79
57 71
74 85
61 73
64 75
70 79
83 59
63 81
72 86
77 97
50 56
71 63
70 86
64 52
75 71
73 72
62 68
55 82
61 71
58 87
57 84
54 84
97 95
98 78
66 74
80 52
99 76
64 56
66 89
71 51
92 66
63 68
78 77
98 60
72 55
90 86
93 68
57 53
69 77
50 52
70 57
54 58
94 74
98 69
96 75
57 97
88 68
89 92
94 69
66 93
53 100
89 67
80 80
50 97
99 85
96 55
53 68
80 59
62 58
70 79
74 67
67 64
65 93
89 95
72 54
57 89
68 58
52 84
81 58
59 73
83 55
840 578 504
82 68
63 56
88 57
77 81
69 75
72 88
97 62
66 56
92 81
75 65
66 87
72 70
77 85
62 72
64 89
56 82
80 84
67 54
50 62
93 70
86 71
89 78
57 58
68 84
70 57
55 65
99 54
51 82
97 73
62 62
68 59
100 60
85 58
75 54
99 55
60 50
90 76
95 70
92 100
56 74
83 76
84 62
71 86
74 67
74 71
83 70
70 69
79 66
68 88
60 98
52 60
50 99
93 73
57 61
74 87
60 74
58 56
87 99
85 100
70 71
80 84
87 93
81 54
87 75
55 99
51 73
91 73
90 63
99 100
68 51
85 52
99 76
93 79
51 73
99 63
84 73
50 58
94 55
89 85
97 93
55 94
60 50
73 53
67 88
64 74
67 72
81 86
84 93
67 51
85 99
54 93
57 80
97 90
87 63
97 77
56 99
71 53
100 86
88 76
73 93
71 50
74 59
93 72
69 73
54 77
50 50
81 99
78 59
52 55
79 63
67 68
78 71
67 85
51 97
73 69
82 96
99 68
96 95
67 75
70 83
83 67
95 80
84 52
58 96
65 82
64 62
59 73
90 64
68 50
75 59
83 91
66 75
78 56
74 69
91 74
76 75
74 89
74 81
68 64
57 86
56 71
90 62
78 81
80 92
78 60
83 72
90 69
66 86
61 50
100 70
87 95
87 59
73 93
89 59
81 90
51 73
59 74
96 52
99 72
55 51
62 68
86 81
74 92
57 76
55 78
83 83
95 60
69 56
70 57
77 88
92 83
82 84
94 60
60 86
57 80
51 67
83 80
86 76
79 56
91 53
83 73
73 83
83 79
65 65
55 68
58 73
82 52
69 62
70 88
68 71
95 99
70 90
57 100
86 50
52 75
64 83
100 74
60 59
71 97
87 87
90 60
66 78
96 61
95 90
73 69
88 70
86 75
72 74
88 82
52 78
86 60
85 59
100 82
80 74
53 98
50 55
66 62
52 97
84 97
96 90
91 61
84 73
100 77
77 64
93 71
59 87
78 81
71 79
51 91
59 63
87 66
80 81
58 87
61 65
80 52
54 61
71 100
51 79
65 80
67 98
70 59
62 78
93 86
97 86
69 62
78 87
80 85
88 86
64 74
57 66
70 84
75 77
90 87
100 81
84 92
79 56
84 52
100 95
55 79
81 65
74 81
72 98
84 55
78 69
83 88
66 52
90 85
73 78
94 93
58 89
98 90
88 96
53 73
68 58
93 53
75 57
79 51
89 88
54 59
89 92
86 97
100 67
100 89
100 56
68 80
67 65
72 73
81 80
73 76
72 83
71 84
90 52
73 77
69 78
57 67
76 50
57 86
76 92
57 73
89 75
66 89
61 86
62 86
58 98
58 85
65 70
94 71
86 56
59 92
61 57
81 87
96 71
50 94
77 80
66 67
81 82
78 52
70 74
64 63
83 96
50 78
63 83
94 50
94 71
92 96
90 79
91 67
80 57
53 82
52 96
92 60
95 59
93 81
80 100
51 78
67 51
55 86
70 50
77 53
81 78
95 58
76 79
93 51
54 59
94 80
89 98
54 96
53 51
76 95
67 94
54 96
84 93
56 99
85 81
68 100
83 87
97 89
80 97
91 70
72 79
78 77
69 67
52 64
56 50
82 52
64 93
87 52
69 73
60 86
82 82
68 89
60 79
95 74
91 73
82 54
93 70
89 66
51 84
84 87
98 75
69 52
68 51
52 64
55 56
95 77
78 55
94 53
96 85
84 85
59 73
88 70
94 74
86 92
85 57
70 87
67 53
94 95
54 70
81 82
73 80
60 54
83 92
56 82
75 93
71 80
58 98
88 57
90 78
96 74
66 70
93 85
77 52
99 100
64 86
96 83
56 62
94 75
52 74
60 66
60 86
80 70
54 90
61 52
52 97
90 100
82 77
79 92
64 88
71 90
57 52
80 57
53 84
83 70
88 96
96 53
56 51
68 79
80 51
97 57
79 74
57 54
87 74
79 88
92 88
71 82
80 93
87 62
89 61
84 70
74 78
84 56
73 63
57 86
90 65
98 70
52 88
82 91
78 90
96 89
55 59
56 76
75 91
73 78
84 87
63 68
90 55
85 82
84 89
71 88
52 63
65 51
93 56
57 81
97 58
78 64
58 100
86 80
56 55
55 86
90 53
71 62
99 67
73 88
99 75
51 69
95 62
80 80
71 96
74 82
93 73
97 68
64 66
79 56
99 99
99 59
94 66
99 53
67 86
91 78
51 53
72 99
93 89
97 53
61 97
68 92
98 93
66 86
82 63
93 85
55 50
77 58
76 82
50 86
53 66
59 87
58 75
61 71
75 88
79 70
99 88
74 65
87 88
64 75
66 100
67 71
51 52
61 93
99 90
90 72
65 96
78 59
54 54
73 70
99 51
78 64
72 61
87 88
84 97
52 93
70 98
85 51
61 96
62 61
83 90
65 96
56 59
76 50
56 50
70 91
74 92
90 54
89 90
80 88
60 59
84 92
74 60
100 91
74 56
91 77
95 53
92 75
79 83
62 87
94 84
96 71
73 97
96 74
98 85
79 54
98 87
97 99
89 82
95 70
97 97
69 50
51 86
87 79
51 56
60 60
63 92
50 59
57 62
59 64
51 70
90 63
84 75
56 82
57 59
85 90
59 53
93 96
98 50
51 63
100 56
94 61
80 63
100 53
63 94
97 77
51 68
70 56
100 96
70 97
71 91
77 92
75 78
67 87
55 85
87 68
81 57
82 73
87 77
68 96
70 59
51 66
57 58
63 50
68 80
94 85
96 62
75 76
79 84
79 74
96 99
99 95
100 87
93 83
80 64
97 79
100 80
63 87
54 52
90 52
98 95
52 86
73 98
81 87
97 92
67 62
53 67
83 88
54 71
88 57
70 82
84 93
88 70
62 84
51 52
76 67
84 62
68 52
72 93
89 92
88 54
92 51
52 97
56 99
52 91
56 89
63 71
61 88
71 52
74 78
89 72
50 86
88 98
94 80
52 87
92 81
93 61
92 99
56 70
77 53
84 53
93 72
91 78
68 73
61 64
86 71
87 65
54 89
90 100
62 75
59 63
57 95
80 86
82 55
83 90
54 85
100 74
100 53
51 66
94 79
58 62
94 68
79 61
68 98
58 76
53 97
74 99
55 55
100 62
59 97
81 52
82 68
76 51
57 84
88 56
67 99
67 93
93 83
77 84
76 93
71 65
81 94
74 93
76 51
59 61
71 62
83 100
92 94
50 92
72 87
71 81
95 66
95 66
51 72
73 57
86 83
92 51
71 70
87 54
92 100
95 73
87 55
64 53
79 53
78 59
53 60
67 95
80 73
77 63
56 88
70 81
76 82
69 81
58 89
87 52
86 70
74 65
51 92
69 91
90 89
56 98
67 59
79 90
62 75
57 76
91 81
81 54
90 57
99 94
98 64
50 69
75 95
92 60
75 97
70 66
57 72
66 51
57 66
64 91
62 80
100 55
68 56
73 65
82 50
65 96
100 65
75 70
74 90
80 74
81 90
95 92
53 78
95 79
96 51
61 68
58 87
77 52
96 94
81 54
51 82
70 88
58 85
68 84
91 84
65 98
91 95
61 76
72 86
76 53
73 99
62 58
91 76
89 100
88 78
79 74
80 72
86 50
91 83
81 98
86 75
73 61
72 100
98 98
97 65
79 69
89 77
56 85
53 77
64 57
83 82
84 56
61 73
54 100
58 70
96 70
75 78
71 66
87 99
73 83
83 65
95 50
98 80
55 67
53 80
85 51
92 59
85 59
820 791 981
76 91
89 73
73 58
53 64
55 69
54 91
100 83
84 56
56 74
63 83
76 85
78 99
87 61
76 64
85 76
59 94
57 77
98 90
74 50
98 93
77 58
93 51
68 69
96 81
84 82
81 79
85 87
89 99
90 89
66 77
61 77
87 54
84 94
69 81
73 88
90 88
86 97
95 100
94 82
95 90
75 90
69 85
68 97
74 99
52 73
72 80
69 92
79 75
50 78
81 57
51 83
68 94
87 79
96 52
65 66
98 90
98 86
96 64
87 89
66 63
65 83
56 85
66 61
78 57
75 87
96 55
75 74
95 82
73 57
88 58
84 53
51 81
64 67
71 96
65 73
59 89
54 68
77 51
55 82
99 54
62 57
78 79
78 81
88 95
65 58
76 92
89 96
73 76
89 60
99 61
58 76
73 98
84 65
94 50
57 92
95 50
72 83
69 89
94 90
84 65
78 62
83 100
69 84
63 92
53 78
87 59
74 88
64 98
99 96
90 68
56 57
95 50
74 64
64 56
87 86
52 67
89 53
97 84
56 67
74 76
84 88
59 59
82 52
70 62
67 52
94 61
98 81
74 68
78 50
85 80
62 92
70 88
75 69
75 86
64 98
66 81
66 78
78 89
81 94
75 63
72 81
94 84
91 72
67 51
52 60
50 53
72 53
69 100
71 99
54 54
68 74
85 98
94 84
76 83
66 90
59 68
55 99
55 67
94 51
59 86
99 78
67 53
91 74
78 74
67 72
71 64
79 97
64 52
96 76
86 52
100 91
67 95
60 64
88 87
67 92
97 52
91 89
80 62
86 55
69 64
97 78
64 59
51 60
72 81
69 91
75 71
60 64
100 67
67 59
87 59
98 54
64 57
94 87
89 57
83 74
93 84
56 89
71 62
90 54
87 77
87 54
65 90
77 91
76 61
66 59
57 79
62 54
83 68
98 77
72 92
68 74
93 59
99 89
64 85
75 85
77 84
86 72
93 91
94 85
89 66
65 51
95 82
55 78
55 65
63 87
65 68
60 82
54 98
88 59
88 51
87 74
58 51
57 95
96 74
62 83
77 100
61 70
89 99
74 51
86 70
77 98
99 55
83 50
51 82
53 75
50 95
67 70
77 96
74 90
68 65
97 53
92 83
58 51
56 88
66 100
89 55
79 59
72 54
77 94
88 83
53 69
76 100
69 68
69 88
67 51
64 69
98 91
84 88
87 80
84 79
75 73
56 61
77 86
84 65
70 69
72 65
74 50
67 94
90 53
95 68
74 63
80 86
96 90
60 86
65 63
79 75
86 81
82 76
61 92
91 81
92 90
91 62
78 63
69 74
53 53
56 61
79 94
81 63
51 59
81 51
54 69
83 61
63 59
56 87
91 100
98 99
77 70
57 69
80 67
98 77
99 76
68 71
65 84
87 51
83 93
100 59
55 57
97 57
90 74
59 91
78 61
82 75
68 94
52 63
89 90
86 70
90 85
69 66
71 89
93 82
73 78
92 92
91 74
54 52
85 82
98 97
78 80
96 56
77 85
98 71
52 66
57 79
57 54
62 68
57 56
68 82
95 58
82 66
64 63
96 64
69 52
79 93
63 56
100 99
98 56
68 78
91 72
90 72
88 99
89 71
88 78
83 55
85 77
71 57
52 57
85 74
89 98
64 61
60 67
58 73
74 95
63 97
91 71
76 96
97 89
65 76
62 75
58 62
67 80
60 60
70 81
89 53
68 75
56 60
88 100
69 65
79 79
98 93
97 92
100 94
86 76
53 84
51 59
59 79
81 98
67 88
88 56
58 96
78 95
52 80
64 96
61 77
61 93
65 72
56 64
62 79
62 92
95 73
92 93
72 95
78 78
65 50
59 56
76 66
55 100
54 70
79 54
65 99
66 72
100 85
97 94
86 58
90 81
93 93
82 76
85 58
90 75
92 61
99 82
100 63
65 97
85 53
94 94
84 55
81 74
52 73
99 72
61 63
78 77
89 78
70 86
80 51
95 69
72 95
70 63
53 84
88 61
51 60
69 54
61 61
94 77
90 72
87 76
83 66
93 78
92 61
75 79
99 88
88 74
77 60
51 79
76 52
71 72
57 60
83 98
85 51
86 79
97 68
68 78
91 100
78 92
55 94
97 98
71 57
65 62
79 99
63 69
80 54
60 67
75 97
92 81
71 97
74 53
81 54
98 100
53 86
99 83
61 70
67 58
65 61
52 66
82 91
93 75
78 76
92 55
91 90
74 97
71 97
66 69
55 51
65 52
61 70
74 89
52 88
63 67
70 92
85 72
60 67
72 63
68 97
63 67
77 87
79 56
56 62
52 72
86 64
95 76
66 68
86 69
63 52
55 77
76 91
81 58
66 68
84 85
90 55
54 52
67 90
60 88
55 83
56 60
74 81
71 85
87 69
75 53
96 77
59 84
98 60
96 81
53 64
59 87
88 67
77 69
53 85
97 78
69 72
61 78
93 63
89 83
63 54
88 53
78 80
62 66
71 69
84 98
71 100
89 73
89 80
72 68
68 89
57 96
74 93
52 57
68 80
59 90
65 82
68 65
89 53
59 71
56 62
95 73
85 86
67 88
65 77
59 74
74 91
88 93
53 68
71 94
89 83
54 84
67 65
80 81
69 84
74 92
53 65
64 82
86 67
66 76
88 72
95 71
84 73
82 83
86 93
57 81
64 94
90 58
89 57
92 51
80 53
96 80
57 67
53 81
76 54
86 51
55 73
63 58
59 86
95 93
58 87
79 52
51 72
86 76
77 74
54 63
91 92
93 54
52 97
74 99
91 70
96 55
83 64
81 77
63 51
60 85
83 63
87 82
84 53
57 96
51 53
86 52
78 91
80 54
85 88
72 86
63 80
87 55
96 81
65 100
86 55
94 86
97 67
52 89
75 64
58 72
92 70
83 100
72 58
79 89
73 75
95 79
76 81
55 89
91 57
76 78
65 52
89 64
85 50
77 79
75 78
90 95
93 93
78 97
100 68
79 96
61 52
91 88
50 62
71 70
86 63
56 94
85 50
72 55
66 97
57 54
83 97
61 88
69 78
66 89
64 57
91 95
97 81
67 64
91 98
82 60
58 73
93 71
83 65
53 85
72 80
61 85
88 96
81 62
65 82
96 77
62 88
73 75
100 66
81 94
74 50
79 73
55 57
85 86
79 62
52 59
62 81
65 66
59 91
51 95
94 86
63 79
83 89
52 59
65 89
55 84
71 91
99 59
95 96
91 69
83 52
82 96
81 95
78 74
71 60
73 94
58 66
66 54
92 93
54 51
85 50
68 66
99 62
52 83
87 76
71 50
79 60
96 69
58 50
89 93
90 88
74 71
100 86
62 95
72 62
96 95
63 88
89 79
52 54
55 77
88 79
83 54
60 67
65 100
53 75
74 62
78 74
78 100
53 67
87 89
89 92
98 52
85 71
99 69
64 56
66 98
59 98
66 70
65 93
63 60
53 96
86 76
74 57
50 64
66 71
96 76
73 85
56 95
94 80
55 100
64 93
73 59
90 97
91 74
60 93
57 67
52 75
97 79
76 71
78 69
90 65
73 99
92 54
86 94
53 57
60 64
66 62
85 59
93 61
54 85
99 93
75 66
85 92
57 59
77 87
100 85
91 92
98 96
67 100
53 57
76 72
98 55
65 62
54 76
54 96
82 91
64 80
65 83
69 64
58 75
93 52
565 116 637
71 77
78 96
85 59
92 91
91 97
60 76
91 63
93 74
58 97
50 91
66 76
72 56
86 85
57 74
52 78
94 66
87 97
87 72
56 88
52 93
77 89
84 73
93 56
90 88
83 89
87 52
81 100
61 51
58 76
93 53
63 78
51 87
100 58
65 91
56 78
61 86
63 56
75 85
72 99
56 82
99 67
78 69
82 53
71 82
96 85
56 95
68 89
92 79
100 69
80 85
61 95
79 88
85 96
78 93
94 50
94 78
84 76
67 63
64 95
53 75
66 90
97 59
83 70
63 68
55 85
96 63
92 87
57 57
53 86
70 88
86 56
89 52
75 72
64 84
98 91
56 83
97 68
99 91
93 80
58 66
57 54
56 58
54 65
55 81
75 56
64 75
94 96
85 69
83 96
83 87
50 68
86 52
88 59
88 59
77 83
54 92
50 60
90 61
61 50
77 81
99 70
69 63
60 57
79 76
95 58
93 50
88 81
73 56
86 97
74 99
91 73
82 68
50 60
94 79
78 74
81 67
78 77
63 94
52 56
90 62
90 79
79 63
58 55
72 67
93 91
58 58
65 94
73 71
63 89
62 72
54 78
97 82
75 66
90 55
81 70
85 70
55 98
86 93
97 90
66 92
75 93
100 78
53 72
66 61
57 93
79 76
86 79
89 91
65 61
81 86
64 56
52 67
88 69
92 87
95 89
93 54
73 72
68 94
52 70
55 74
68 72
51 66
76 86
50 52
89 90
85 55
57 71
93 95
83 62
75 91
57 58
90 92
73 100
97 85
88 75
59 70
85 93
78 94
93 52
50 89
52 86
80 97
96 76
65 57
85 57
90 65
97 84
73 80
70 76
99 96
92 91
100 71
58 51
69 84
98 94
58 83
58 87
66 69
73 80
50 82
60 89
74 53
70 81
96 89
69 92
98 58
65 79
87 81
76 96
93 76
81 84
55 62
55 85
83 56
68 68
97 78
92 50
84 72
96 57
65 93
58 56
64 62
69 81
66 63
55 90
71 100
98 68
68 56
59 96
51 63
54 64
67 84
70 55
69 79
58 58
94 73
81 69
86 61
83 95
64 91
57 64
91 85
90 100
63 92
81 69
67 95
81 99
65 54
62 59
92 72
85 64
54 97
97 73
69 77
93 52
52 51
94 64
99 97
88 62
52 60
97 99
79 62
58 75
99 66
80 95
50 94
99 83
96 94
68 61
65 100
82 50
95 65
86 87
99 96
74 82
54 75
91 89
94 56
62 59
77 69
62 77
71 64
65 72
72 60
54 86
73 71
99 70
75 98
84 79
94 57
82 97
83 89
86 83
88 50
99 80
96 56
65 78
67 50
81 71
85 77
50 52
65 72
79 51
66 95
53 80
86 60
68 66
53 90
78 88
75 82
67 95
88 57
58 93
84 89
96 73
77 72
99 55
81 62
63 57
93 54
85 76
55 68
76 94
53 57
54 87
95 50
61 85
81 73
75 89
95 80
97 90
92 95
95 70
65 76
57 67
94 62
92 76
61 65
55 51
89 63
98 71
98 50
79 98
57 86
95 63
100 97
75 61
83 67
80 87
57 99
66 86
56 70
90 68
89 88
60 69
69 96
96 69
74 89
99 81
84 75
83 55
63 93
66 87
79 100
75 50
65 90
51 61
89 86
67 64
89 93
90 94
52 83
81 95
76 91
84 68
89 58
81 63
60 73
94 95
54 61
94 97
76 91
96 57
99 59
78 54
81 76
79 67
59 87
62 98
81 75
72 72
60 60
59 87
61 67
56 56
78 71
56 59
95 52
66 75
65 61
52 74
88 89
96 87
86 97
68 65
66 51
95 56
51 71
88 68
70 62
78 94
97 60
94 64
83 50
70 85
85 67
62 72
96 88
99 50
50 88
93 97
96 87
60 74
76 54
90 97
80 59
86 87
79 64
94 53
80 88
93 74
87 95
71 73
52 56
70 61
56 76
91 68
58 77
65 90
85 100
100 95
55 70
62 54
56 82
63 69
89 89
55 85
69 90
57 98
93 88
90 89
63 94
70 64
71 85
79 64
96 94
52 55
61 51
78 58
90 53
91 50
56 59
72 55
73 69
51 91
91 87
65 73
60 69
72 99
76 82
88 66
64 57
68 79
52 80
50 54
67 97
52 85
80 94
83 50
57 66
100 77
83 95
80 95
64 82
95 64
51 95
88 57
97 79
70 60
96 59
86 73
53 81
58 95
95 52
97 73
90 62
50 98
83 66
91 83
66 78
98 60
71 88
94 55
79 89
66 98
51 69
60 62
95 51
79 72
92 89
69 99
88 81
72 94
67 60
56 59
56 98
87 76
64 79
79 72
52 91
83 82
58 54
95 54
64 62
53 50
83 56
85 69
61 73
70 94
60 64
90 92
66 88
95 59
77 71
51 82
79 92
78 77
91 54
69 79
74 53
64 85
78 75
84 99
58 71
61 59
98 88
74 80
95 72
86 86
55 69
91 82
82 87
69 69
67 61
100 76
87 71
87 52
94 53
61 82
79 77
76 53
99 50
93 73
97 64
81 62
644 89 892
69 80
56 52
58 86
83 50
62 54
60 85
64 79
63 57
57 70
95 85
64 96
95 81
50 60
99 77
69 77
51 81
66 66
52 77
57 81
96 65
76 79
51 80
85 83
99 71
57 58
63 78
78 96
73 69
60 50
81 73
100 97
63 72
65 62
71 64
81 91
82 82
77 57
91 89
52 86
77 77
51 69
91 50
85 66
51 65
80 58
70 90
92 76
95 60
78 61
59 51
99 67
64 59
85 59
57 51
70 75
68 60
74 51
75 99
80 100
99 75
70 75
84 77
51 95
64 87
54 65
87 68
66 75
96 60
65 64
69 85
64 81
74 86
84 59
51 58
100 54
53 94
75 99
85 56
73 80
54 57
76 51
94 61
73 99
93 51
69 91
87 52
57 57
63 60
74 71
86 75
76 85
83 92
81 86
56 55
94 60
75 90
89 74
68 82
66 50
86 77
78 75
95 56
61 76
90 99
71 75
90 60
68 85
50 89
76 62
100 92
59 91
75 74
69 92
69 73
100 62
92 93
54 50
62 70
56 56
69 80
90 75
60 58
94 66
97 93
68 68
71 53
99 82
99 81
74 95
96 92
84 100
74 92
60 97
80 91
75 98
81 93
81 72
75 65
66 84
55 94
54 54
51 50
88 93
51 79
77 90
64 94
54 61
77 53
64 63
54 88
72 55
51 84
50 53
67 88
75 52
55 97
50 84
55 81
89 77
100 53
89 60
81 89
90 78
95 85
51 67
53 52
90 88
66 58
92 76
80 74
88 71
80 82
51 56
78 79
77 76
87 52
95 92
92 55
79 72
86 88
61 83
84 85
67 99
70 87
84 60
67 93
91 67
65 80
95 52
84 99
76 72
50 95
54 85
56 52
79 58
80 53
91 52
60 62
90 66
84 51
73 81
92 55
72 71
83 60
74 73
96 69
91 68
59 75
52 91
63 63
80 57
71 67
84 56
91 95
78 58
78 82
70 70
81 84
99 62
56 69
65 54
80 67
78 59
77 77
93 55
67 91
96 89
51 87
72 78
78 53
54 80
73 84
56 54
84 54
90 91
95 66
52 99
63 100
86 65
93 98
92 98
80 53
66 74
66 54
55 61
75 90
52 71
90 70
56 96
72 65
58 69
55 70
74 68
59 71
77 89
67 83
59 69
84 79
65 64
95 92
96 73
58 92
94 82
88 79
58 86
86 89
62 74
55 55
90 64
96 85
95 50
84 86
80 97
61 76
64 95
94 91
67 76
91 81
76 89
65 53
55 81
89 65
95 53
95 50
72 70
52 59
60 73
82 89
89 54
52 81
56 89
77 91
76 70
62 86
79 69
58 82
52 50
74 76
57 52
67 90
65 78
99 87
58 66
70 83
79 66
51 59
79 64
90 68
65 71
93 94
88 76
58 52
66 64
94 97
85 60
50 83
84 90
59 62
98 84
66 92
68 85
54 64
61 77
60 59
51 64
95 91
77 63
65 99
56 92
64 64
70 51
86 78
59 74
76 86
89 63
98 59
95 65
53 88
82 71
57 82
91 69
100 61
51 72
80 56
61 94
71 94
88 69
72 50
79 53
55 89
88 73
76 86
79 92
54 52
88 98
85 94
61 79
92 88
67 96
97 98
100 84
54 75
54 83
57 54
79 89
99 73
65 59
90 88
99 92
60 73
90 100
67 67
70 73
54 83
78 53
59 76
61 66
76 59
75 76
54 55
95 51
87 51
73 96
64 51
53 81
53 91
76 71
97 86
84 57
90 77
51 63
99 79
90 99
57 78
68 91
96 66
95 77
100 71
68 94
53 89
51 72
53 52
60 62
56 87
97 96
91 65
66 50
72 88
98 89
51 99
71 56
85 90
75 72
81 100
62 95
51 61
74 90
84 67
74 87
53 66
82 83
53 50
73 100
60 72
59 51
92 66
88 96
69 81
97 61
87 99
53 50
57 87
53 60
76 53
93 62
67 90
79 82
55 92
53 77
54 80
85 69
97 85
81 69
81 81
73 73
61 50
56 85
100 52
86 84
91 79
66 85
60 57
56 61
69 98
76 55
50 75
88 53
90 78
85 85
86 86
98 78
63 63
50 83
64 66
52 75
76 67
68 74
65 81
97 60
70 78
71 62
63 51
98 69
75 77
81 88
58 73
89 90
52 89
56 76
85 76
92 83
91 87
59 83
88 75
94 92
79 57
67 79
63 65
57 58
78 98
77 82
92 66
86 93
83 88
59 71
90 100
73 83
77 77
60 89
53 96
83 55
94 78
90 74
67 81
69 62
88 79
53 93
54 55
68 93
81 96
77 78
57 62
68 53
61 70
62 97
67 78
95 64
89 83
64 96
67 67
60 95
100 92
89 51
50 80
100 85
62 74
97 51
69 98
54 82
90 59
100 64
94 99
53 77
85 68
54 61
89 81
74 99
80 73
90 56
66 65
59 79
54 91
54 65
52 71
67 96
74 88
67 68
53 82
70 59
81 59
51 69
61 55
82 51
80 55
62 98
95 56
52 73
94 59
81 88
99 83
100 80
75 96
99 66
77 86
83 84
70 79
83 62
95 82
79 68
67 70
69 96
97 60
88 62
77 93
77 97
75 96
77 62
70 56
83 87
71 58
80 61
59 60
56 83
60 59
78 70
59 93
54 87
99 69
94 96
57 59
52 94
61 77
86 58
53 85
93 60
60 64
95 64
95 68
63 50
90 84
91 50
73 58
71 73
99 64
86 52
51 100
74 65
92 57
76 64
77 73
96 64
51 57
65 85
72 83
77 80
93 62
86 50
83 79
81 55
79 79
89 98
95 90
97 83
61 76
80 74
52 62
67 77
59 90
62 96
67 56
83 66
65 91
93 89
93 70
90 79
93 94
72 57
53 74
67 65
78 83
95 93
60 83
81 87
72 68
801 768 819
90 74
68 90
93 58
65 91
80 54
59 97
98 88
99 87
79 57
83 98
82 100
60 66
69 81
70 73
60 64
63 98
93 78
75 79
69 63
96 97
75 76
57 74
69 95
95 96
97 75
65 58
72 74
80 59
69 86
61 98
69 100
72 54
66 67
55 59
66 69
63 77
56 78
66 79
84 73
84 98
63 60
76 99
80 70
80 96
76 100
71 92
59 67
83 71
78 55
87 55
85 78
66 85
52 50
93 71
77 66
88 75
83 57
79 96
98 57
73 62
95 63
72 59
81 84
87 60
99 96
69 84
92 67
80 89
84 85
50 70
84 53
58 96
60 94
88 98
79 55
62 52
62 52
94 81
52 79
70 77
58 66
62 73
67 61
65 84
82 92
53 88
62 55
93 53
91 75
65 69
88 90
85 98
63 52
98 69
79 76
95 51
58 60
90 87
76 89
74 86
82 77
92 74
82 96
94 71
99 80
72 71
86 80
57 55
67 75
67 81
65 87
65 59
85 91
57 88
99 53
64 68
90 66
84 85
60 79
64 54
54 56
95 83
54 89
62 82
54 66
76 86
84 65
60 96
63 78
100 58
62 70
61 74
90 86
58 56
72 76
93 62
64 89
72 88
67 71
81 65
63 98
94 89
60 76
96 62
90 97
65 65
67 52
57 54
68 87
100 81
97 84
56 84
56 93
53 96
86 62
57 55
89 58
96 66
85 56
66 80
65 88
70 100
86 86
67 85
84 86
89 93
87 59
62 95
100 95
53 84
81 70
96 84
69 79
93 68
67 75
83 58
50 61
64 97
88 81
84 99
74 53
51 78
52 59
55 86
62 96
86 56
86 92
97 71
86 63
69 99
97 51
61 51
88 77
76 84
59 80
67 50
82 91
89 96
100 50
70 82
86 67
71 91
95 92
89 58
87 53
75 62
64 91
68 100
90 52
73 57
68 69
92 63
80 77
52 95
88 79
84 66
77 95
75 64
85 78
96 89
52 92
78 84
52 50
67 74
64 59
81 84
70 74
85 57
52 68
70 82
96 88
97 62
75 75
71 84
93 83
59 68
70 60
52 59
74 50
69 85
52 75
57 89
74 71
82 62
57 96
65 99
58 63
99 81
63 59
62 97
82 70
66 94
63 51
61 92
75 85
86 83
71 61
57 98
83 64
65 82
56 55
99 92
59 97
66 75
70 78
84 55
93 71
99 59
53 62
66 58
68 65
88 84
76 97
80 78
54 51
71 79
55 82
69 93
85 78
85 61
85 95
99 76
57 71
91 94
59 81
89 98
59 57
87 64
93 98
95 75
62 94
65 74
52 67
80 91
66 57
63 100
91 58
55 96
70 79
53 67
95 85
61 70
95 56
84 92
80 97
80 80
84 61
86 77
50 77
76 91
92 88
86 71
81 58
85 83
82 79
95 90
78 50
56 96
90 91
50 61
50 85
58 69
78 64
57 74
64 50
96 62
76 89
96 92
100 94
59 54
71 96
75 94
92 96
71 88
73 81
69 76
65 75
94 58
71 99
59 58
99 63
62 54
78 94
80 53
64 95
95 90
89 50
78 72
94 79
62 89
92 76
88 87
95 82
91 68
95 51
61 56
69 78
89 55
64 95
84 79
92 95
76 55
100 88
70 64
82 58
63 83
84 62
52 79
50 70
91 65
55 73
74 89
94 73
89 61
69 88
64 68
61 87
100 91
61 70
60 68
95 90
77 73
80 91
95 61
55 100
62 91
87 83
86 69
51 72
53 83
96 92
99 64
71 82
64 94
91 79
98 63
54 57
65 55
85 71
56 74
50 67
69 61
65 54
52 93
67 55
64 81
89 98
69 59
78 56
86 74
81 92
93 63
72 63
100 75
75 82
82 73
77 98
91 72
93 62
87 99
81 59
50 60
57 50
83 65
78 95
60 68
67 54
70 68
81 72
85 68
93 77
95 84
90 80
83 73
94 95
90 64
56 64
59 71
75 85
81 92
80 89
73 88
59 84
77 70
64 54
53 96
100 68
62 96
67 98
60 83
91 50
83 91
63 84
65 61
98 84
55 60
55 98
61 58
60 75
79 59
90 71
86 75
86 100
86 60
52 87
69 66
63 71
53 80
97 95
54 83
55 72
64 52
62 87
63 83
64 86
85 84
99 78
72 58
81 75
69 86
100 59
68 68
83 63
97 76
75 64
85 96
76 87
73 97
60 68
88 82
57 55
86 92
60 89
88 84
67 95
54 60
63 97
63 71
100 65
62 89
90 78
92 96
64 100
99 76
64 54
55 64
57 72
71 60
91 56
52 100
51 73
86 62
79 80
83 77
76 71
83 84
57 65
60 66
100 56
54 93
76 85
82 81
85 68
92 52
61 78
98 54
68 65
52 55
59 89
97 79
100 79
92 69
83 50
76 85
72 75
94 50
60 63
98 57
91 70
68 82
93 82
89 91
93 81
61 96
87 54
96 87
99 72
59 56
95 93
52 55
93 79
51 94
94 56
66 53
89 51
93 95
66 77
78 67
95 100
91 94
81 72
96 97
60 88
81 97
79 67
89 92
94 58
82 53
99 55
92 97
51 82
84 62
53 84
80 76
94 60
68 65
51 68
69 97
65 62
82 86
53 91
53 65
51 58
91 53
53 89
98 88
93 77
100 70
73 95
65 55
89 98
79 50
79 97
65 76
59 60
91 91
53 57
65 89
73 82
86 84
63 62
68 79
92 88
91 63
58 84
98 52
96 55
80 67
92 59
65 76
50 94
60 66
59 68
74 76
64 50
91 67
100 77
80 65
80 72
68 86
53 87
66 87
70 59
63 84
100 98
92 94
85 62
58 55
75 80
61 52
100 93
79 66
86 98
70 86
57 68
71 91
83 77
75 58
86 97
82 99
56 77
83 50
88 96
98 58
86 63
97 67
80 97
83 52
66 82
91 60
86 80
81 67
82 81
79 88
83 100
69 71
50 84
53 85
65 69
55 50
88 77
98 61
65 81
70 96
72 64
54 91
75 100
90 63
67 59
62 65
90 67
55 67
61 96
66 67
57 61
66 58
82 63
55 56
58 94
74 50
61 65
50 75
54 77
59 87
71 51
83 100
69 61
72 99
78 78
82 93
94 69
61 84
91 100
99 50
78 98
55 82
65 57
86 91
78 70
83 70
96 92
92 90
65 68
64 83
54 65
58 94
83 79
88 54
60 89
76 50
83 84
90 64
68 96
52 89
100 59
88 66
96 62
98 97
77 75
67 83
78 99
67 55
73 100
61 60
84 70
75 82
51 62
54 53
54 94
100 52
52 51
71 54
75 76
65 78
70 95
92 87
73 82
84 53
94 83
94 67
69 66
61 66
54 86
59 73
53 63
100 82
86 55
100 86
67 91
66 82
93 67
58 82
91 90
75 77
85 71
67 77
58 74
56 80
80 66
57 88
84 79
57 83
75 78
50 93
82 52
65 76
65 78
52 63
76 78
64 58
77 67
51 95
100 79
89 73
68 84
70 61
92 75
56 52
71 61
96 68
71 56
89 76
73 87
96 84
94 77
51 58
99 96
98 60
79 61
69 60
77 99
60 69
72 74
70 76
98 61
71 55
83 62
81 83
65 90
75 95
98 77
793 395 636
91 96
57 77
73 50
96 63
94 94
81 94
98 96
78 91
52 74
90 53
59 73
56 85
68 98
54 88
91 63
71 71
94 92
57 61
51 81
100 75
73 92
70 68
79 74
83 66
57 93
83 97
97 87
52 93
78 72
86 61
60 100
98 95
86 58
65 90
87 57
58 100
75 71
51 52
54 81
75 52
74 98
74 74
84 87
50 71
95 91
54 81
64 68
62 98
95 58
85 77
94 78
73 59
66 82
85 88
68 52
92 94
55 82
73 61
65 63
52 88
76 50
88 99
68 97
55 54
84 84
81 83
90 89
54 81
94 65
50 73
79 65
57 74
65 99
82 63
66 66
92 82
51 61
70 92
55 56
91 66
69 61
64 95
56 99
88 70
50 69
91 87
60 97
68 78
83 83
79 51
100 98
50 71
91 90
65 66
87 59
77 98
50 67
78 71
96 78
69 82
64 80
63 53
95 95
57 99
67 73
84 84
60 91
94 84
86 93
86 53
58 95
50 90
78 54
93 60
62 61
96 73
76 50
88 99
70 81
83 85
64 84
99 91
99 50
75 81
53 85
68 69
53 81
82 57
83 52
53 88
99 50
97 88
98 83
57 58
93 88
86 62
99 52
58 78
83 100
96 95
84 50
66 68
75 71
79 51
87 66
57 94
52 96
58 98
89 87
55 55
78 56
63 69
53 88
65 51
62 72
85 71
50 57
50 100
72 91
92 96
51 94
89 61
83 78
81 83
61 97
71 64
52 72
90 68
51 59
77 88
70 92
75 80
50 95
65 90
88 91
91 79
58 68
97 89
82 62
73 58
82 87
66 76
68 92
89 50
94 61
80 63
71 61
100 91
80 91
88 67
99 69
53 82
52 65
58 52
84 85
83 71
94 67
88 90
93 75
80 94
85 65
71 98
90 50
56 86
79 91
62 73
66 86
63 62
54 83
93 99
74 64
99 90
63 58
79 52
69 79
95 60
59 62
78 62
96 64
59 66
68 79
89 51
67 97
63 74
84 86
89 99
74 57
79 98
61 96
89 71
61 67
91 89
70 83
74 57
59 92
100 79
86 68
91 80
82 64
68 62
63 100
89 86
63 96
66 63
74 61
94 61
56 70
50 59
62 65
95 50
88 97
52 62
59 72
61 59
96 56
50 67
55 71
61 66
96 74
89 56
91 90
57 56
72 63
75 51
82 83
85 86
78 62
85 79
73 55
87 77
64 100
59 53
61 89
58 78
90 100
87 66
56 86
65 95
78 81
98 79
90 87
72 59
50 63
50 63
70 94
71 62
57 92
55 94
52 85
92 62
53 90
95 86
78 63
69 61
83 98
64 99
73 74
87 79
58 82
68 62
77 87
75 76
77 85
58 67
69 78
75 95
78 58
71 84
86 57
83 57
53 96
57 95
90 66
56 62
56 79
81 80
69 65
91 99
100 90
94 54
56 63
60 56
56 76
93 50
90 99
54 57
64 64
82 83
92 88
79 90
96 80
89 100
87 64
59 88
62 96
100 57
92 65
62 70
56 67
81 84
59 85
75 63
54 66
90 65
65 99
86 71
59 54
54 89
74 100
69 52
86 78
59 84
72 96
51 94
52 80
58 50
73 58
65 84
91 64
51 70
86 79
74 92
64 54
63 97
88 59
52 82
82 85
59 74
64 81
50 87
70 88
66 95
78 90
58 53
62 62
74 75
57 53
89 89
64 53
89 78
74 90
59 90
100 66
76 66
55 73
86 51
78 58
84 66
58 82
63 83
100 87
77 94
63 52
89 100
60 82
67 81
73 88
85 71
62 64
82 100
94 66
93 51
63 93
81 51
98 85
51 51
66 81
60 82
65 64
65 78
79 95
84 94
59 84
85 68
95 77
96 79
50 53
52 97
65 95
59 73
74 79
78 72
78 73
91 56
75 87
51 50
85 95
92 59
64 99
78 79
68 58
96 85
93 72
66 73
89 65
99 86
62 72
69 65
66 91
58 64
72 97
94 62
88 95
66 73
82 85
69 52
73 85
55 68
61 71
59 78
100 58
78 100
89 55
55 69
63 73
67 59
54 77
61 52
85 71
93 89
65 79
61 82
87 83
96 83
78 80
77 76
54 51
64 54
95 93
60 59
50 57
63 81
88 75
92 63
71 70
63 62
100 79
95 66
60 67
67 69
89 69
88 62
97 50
73 62
67 92
54 64
71 63
61 65
97 93
54 58
63 84
84 79
92 77
100 59
99 66
83 59
74 52
99 92
71 76
62 84
94 65
97 88
93 90
97 87
72 61
55 84
51 70
70 99
53 65
96 94
61 64
66 93
94 83
63 78
95 59
83 83
76 81
100 55
62 90
63 79
92 100
82 66
56 98
66 95
87 74
82 88
59 85
87 72
53 59
55 68
59 54
83 73
63 80
58 59
64 66
62 63
83 65
58 78
91 74
80 100
62 69
74 100
52 59
65 64
91 69
86 74
100 77
70 83
63 74
54 51
54 55
95 53
92 82
82 89
52 60
84 62
97 93
96 88
51 84
95 94
76 67
71 65
99 92
54 73
67 54
71 71
64 74
55 67
53 54
72 91
69 80
64 61
100 68
77 73
78 53
65 64
98 77
61 71
56 100
69 96
75 79
67 75
66 74
65 64
57 66
79 75
84 64
96 52
94 88
56 72
71 68
99 65
83 61
90 95
76 100
77 99
84 71
72 60
94 77
81 80
98 88
55 63
90 67
76 53
94 92
76 53
83 99
86 98
79 81
80 95
79 60
83 65
53 62
64 98
68 76
80 51
57 73
54 53
68 76
57 70
92 57
100 50
93 93
53 73
93 53
72 86
64 87
79 52
94 93
67 98
76 77
77 63
59 78
54 75
51 86
51 65
75 92
74 50
95 88
80 86
58 90
92 61
71 74
78 51
81 51
61 83
64 71
57 87
59 52
82 97
80 92
70 88
57 85
83 85
66 62
95 69
81 83
61 94
62 55
79 60
72 74
98 61
64 94
63 63
64 78
96 98
52 50
77 92
71 70
62 51
86 82
92 63
77 83
75 85
98 56
94 53
93 73
73 76
74 90
53 79
84 62
70 80
64 83
93 93
94 62
55 71
84 60
67 75
85 86
99 52
79 73
63 92
71 100
76 58
86 90
78 83
89 71
64 80
62 53
51 58
64 80
66 79
94 98
87 96
94 68
77 65
62 65
62 60
54 69
68 83
61 91
77 82
90 73
65 68
89 97
90 95
84 50
80 76
55 63
82 62
74 64
67 77
50 76
92 82
62 54
55 60
71 61
51 96
55 87
81 56
80 90
52 77
63 54
74 99
74 52
57 85
87 84
91 63
63 70
53 76
50 89
70 96
58 66
72 58
85 71
71 97
59 97
85 54
90 86
69 53
94 79
54 57
89 84
53 61
65 76
59 60
57 96
85 76
72 67
90 89
79 70
83 62
56 55
81 55
83 52
69 77
68 50
55 78
68 55
62 82
75 63
90 51
76 56
82 68
89 87
67 95
50 68
74 60
60 95
76 90
56 78
94 87
54 77
68 100
97 53
62 78
91 81
74 59
83 71
74 63
89 95
72 51
74 51
