50
557 462993017 433844340
989 848430697 739664225
790 712063925 226092778
543 807030434 872739838
875 881613574 414587777
705 401200658 632462111
917 465674260 433120126
999 620528734 960724925
846 288820965 285636373
754 389871139 912045690
758 517711031 582829114
850 768032753 275877843
903 510029403 865623807
943 789465434 990385873
989 460609430 914616192
888 993807697 961491865
897 529240960 281036476
630 979710665 939581939
594 219881045 363246436
842 795217397 533861352
865 433763339 283166441
606 494550105 952899427
807 266069540 902042075
932 500473607 785393516
791 446331448 816451537
878 368140655 490680024
513 986151104 478683474
727 634232509 262352955
789 606465419 767094527
722 790174527 297071443
777 279208330 550995860
674 341014780 921529187
999 573618977 871275390
806 224950038 285347352
726 935805848 980102993
701 539429107 716113601
844 478935058 639720464
581 707525424 460867438
938 883767994 812436346
996 601988062 477709974
592 777358283 443710379
628 302913923 720845558
904 928733864 834244073
826 731122551 550861538
963 855001653 272528924
805 825851554 422132839
569 926686377 713459141
500 631940628 946309832
903 557332209 256202395
891 699726568 224199987
